%YAML:1.0
---
cameraMat: !!opencv-matrix
   rows: 3
   cols: 3
   dt: d
   data: [ 6.7918938939680311e+02, 0., 2.4881927540014459e+02, 0.,
       6.7853896602652526e+02, 2.6049179518388223e+02, 0., 0., 1. ]
dist: !!opencv-matrix
   rows: 5
   cols: 1
   dt: d
   data: [ 2.7901788106287290e-01, -3.1443534814039333e+00,
       2.2601980549825255e-02, -3.7773850581241525e-02,
       1.2626646982108809e+01 ]
